0 1e-06 0 0 0
0.314159265358979 3.46740110027193e-06 3.50868861930772e-05 0 0
0.628318530717959 2.30457407803025e-05 0.000243320615565992 0 0
0.942477796076938 0.000156350252766085 0.00165229344906886 0 0
1.25663706143592 0.00106121233301416 0.0112150060666067 0 0
1.5707963267949 0.00720294638652942 0.0761210661264833 0 0
1.88495559215388 0.0488894887582907 0.516516588107683 0 0
2.19911485751286 0.331739890117802 3.45829265571607 0 0
2.51327412287183 2.22179884899052 12.2639038012766 0 0
2.82743338823081 8.03737790740229 26.2338333370881 0 0
3.14159265358979 18.7050024664495 32.82473316736 0 0
3.45575191894877 28.661766022327 28.7260332333184 0 0
3.76991118430775 36.7541014609634 19.3930279302941 0 0
4.08407044966673 40.8467648376617 12.9797546207478 0 0
4.39822971502571 44.9095218133513 19.2150099146145 0 0
4.71238898038469 52.9199116349433 29.1744783452296 0 0
5.02654824574367 63.2403871816889 35.9712020678497 0 0
5.34070751110265 75.5212844663734 40.0553896413977 0 0
5.65486677646163 88.4079307485072 44.388479661172 0 0
5.96902604182061 103.411388787885 49.7854658159422 0 0
6.28318530717959 119.689061481089 54.1984483943697 0 0
6.59734457253857 137.465278250228 51.1454242080615 0 0
6.91150383789754 151.824679272445 52.4334439498678 0 0
7.22566310325652 170.410182713292 64.5940167033098 0 0
7.5398223686155 192.41029694064 64.5433988961345 0 0
7.85398163397448 210.963996275254 55.4503569941418 0 0
8.16814089933346 227.250783774986 58.678941377618 0 0
8.48230016469244 247.833062505724 68.228872404176 0 0
8.79645943005142 270.12024863652 70.4970811464516 0 0
9.1106186954104 292.127684951567 70.3693098431653 0 0
9.42477796076938 314.334590004815 72.0567270615469 0 0
9.73893722612836 337.402261827224 65.9688085059513 0 0
10.0530964914873 355.784014838488 52.9648535268494 0 0
10.3672557568463 370.681060774905 47.2077404322392 0 0
10.6814150222053 385.445512945388 53.4770501101268 0 0
10.9955742875643 404.281682327231 66.4965471268512 0 0
11.3097335529233 427.226525733948 72.7995308313374 0 0
11.6238928182822 450.022976576134 67.0665253255107 0 0
11.9380520836412 469.365666386832 54.0721733398459 0 0
12.2522113490002 483.997525081752 48.0753462913502 0 0
12.5663706143592 499.57229733237 49.1124108550641 0 0
12.8805298797182 514.855762910223 45.8421374942363 0 0
13.1946891450771 528.37576180772 47.3933620329575 0 0
13.5088484104361 544.633890508555 44.6202238742646 0 0
13.8230076757951 556.411475312704 34.799234889244 0 0
14.1371669411541 566.498894644274 38.7694992936789 0 0
14.451326206513 580.771070145579 48.6578755838095 0 0
14.765485471872 597.07153953895 53.2065187325746 0 0
15.079644737231 614.201711820248 46.674676144167 0 0
15.39380400259 626.39810347559 31.4435108789298 0 0
15.707963267949 633.958252376311 19.3525477520421 0 0
16.0221225333079 638.557667844802 8.9283038730192 0 0
16.3362817986669 639.56807114761 -4.38584029475902 0 0
16.6504410640259 635.801963114836 -4.66697334761147 0 0
16.9646003293849 636.635725310939 9.68028823273072 0 0
17.2787595947439 641.884267594151 23.3128360178735 0 0
17.5929188601028 651.283612184558 23.4229945180123 0 0
17.9070781254618 656.601369094723 16.8601526301708 0 0
18.2212373908208 661.877158512827 23.3975484980739 0 0
18.5353966561798 671.302482389435 23.3998700875524 0 0
18.8495559215388 676.579730505229 9.67046015138736 0 0
